
word_indices =
471
1893
1809
1699
997
479
1182
1064
1231
1827
810
1893
103
1070
74
1346
837
1852
1242
1699
1893
1631
1665
1852
997
1893
479
1120
1231
1827
1182
1064
1676
877
1113
234
1191
1120
792
1287
1377
1120
1699
708
1666
440
1120
1120
1120
1093
1230
1844
1809
1699
997
1490
1060
997
1666
234
74
708
1666
608
869
1120
1048
825
1896
1117
1120
1120
1120
976
676
1699
1895
234
74
1852
867
1893
1699
1230
956
1896
1844
103
387
997
479
1120
1265
1231
1827
1120
1120
1120

number numberljgvnumb numberleannumberlrmsnumb
numberwxhonumberqiytnumb numberrjuvnumberhqcfnumb numbereidbnumberdmtvlnumb

=========================

Processed spamSample1.txt

Spam Classification: 1
(1 indicates spam, 0 indicates not spam)

>>